    1.0e-30 1.0e-30
    0.10000e-08    0.10734e-04
    0.20000e-08    0.21468e-04
    0.30000e-08    0.32202e-04
    0.40000e-08    0.42936e-04
    0.50000e-08    0.53670e-04
    0.60000e-08    0.64404e-04
    0.70000e-08    0.75138e-04
    0.80000e-08    0.85871e-04
    0.20000e-07    0.21468e-03
    0.30000e-07    0.32202e-03
    0.40000e-07    0.42936e-03
    0.50000e-07    0.53670e-03
    0.60000e-07    0.64404e-03
    0.70000e-07    0.75138e-03
    0.80000e-07    0.85871e-03
    0.90000e-07    0.96605e-03
    0.10000e-06    0.10734e-02
    0.20000e-06    0.21468e-02
    0.30000e-06    0.32202e-02
    0.40000e-06    0.42936e-02
    0.50000e-06    0.53669e-02
    0.60000e-06    0.64403e-02
    0.70000e-06    0.75137e-02
    0.80000e-06    0.85871e-02
    0.90000e-06    0.96604e-02
  5.00003e-05       0.522172  
  0.000100001       0.967704  
  0.000150001        1.29854  
  0.000200001          1.525  
  0.000250001        1.66994  
  0.000300002         1.7591  
  0.000350002        1.81614  
  0.000400002         1.8535  
  0.000450002        1.87978  
  0.000500003         1.8994  
  0.000550003        1.91535  
  0.000600003         1.9291  
  0.000650003         1.9416  
  0.000700004         1.9533  
  0.000750004        1.96447  
  0.000800004         1.9752  
  0.000850004        1.98555  
  0.000900005         1.9956  
  0.000950005        2.00542  
   0.00100001          2.015  
   0.00105001         2.0243  
   0.00110001        2.03333  
   0.00115001        2.04208  
   0.00120001        2.05056  
   0.00125001        2.05878  
   0.00130001        2.06674  
   0.00135001        2.07444  
   0.00140001         2.0819  
   0.00145001         2.0891  
   0.00150001        2.09607  
   0.00155001         2.1028  
   0.00160001        2.10929  
   0.00165001        2.11556  
   0.00170001         2.1216  
   0.00175001        2.12742  
   0.00180001        2.13303  
   0.00185001        2.13843  
   0.00190001        2.14362  
   0.00195001        2.14861  
   0.00200001         2.1534  
   0.00205001          2.158  
   0.00210001        2.16241  
   0.00215001        2.16665  
   0.00220001         2.1707  
   0.00225001        2.17459  
   0.00230001        2.17831  
   0.00235001        2.18188  
   0.00240001        2.18529  
   0.00245001        2.18855  
   0.00250001        2.19168  
   0.00255001        2.19467  
   0.00260001        2.19752  
   0.00265001        2.20026  
   0.00270001        2.20287  
   0.00275001        2.20538  
   0.00280001        2.20777  
   0.00285001        2.21007  
   0.00290001        2.21227  
   0.00295001        2.21438  
   0.00300002         2.2164  
   0.00305002        2.21835  
   0.00310002        2.22022  
   0.00315002        2.22201  
   0.00320002        2.22374  
   0.00325002        2.22539  
   0.00330002        2.22698  
   0.00335002        2.22851  
   0.00340002        2.22998  
   0.00345002        2.23138  
   0.00350002        2.23274  
   0.00355002        2.23403  
   0.00360002        2.23528  
   0.00365002        2.23648  
   0.00370002        2.23763  
   0.00375002        2.23873  
   0.00380002         2.2398  
   0.00385002        2.24083  
   0.00390002        2.24182  
   0.00395002        2.24277  
   0.00400002         2.2437  
   0.00405002         2.2446  
   0.00410002        2.24547  
   0.00415002        2.24631  
   0.00420002        2.24712  
   0.00425002        2.24791  
   0.00430002        2.24868  
   0.00435002        2.24942  
   0.00440002        2.25014  
   0.00445002        2.25084  
   0.00450002        2.25152  
   0.00455002        2.25218  
   0.00460002        2.25282  
   0.00465002        2.25344  
   0.00470002        2.25405  
   0.00475002        2.25464  
   0.00480002        2.25522  
   0.00485002        2.25578  
   0.00490002        2.25633  
   0.00495002        2.25687  
   0.00500003         2.2574  
   0.00505003        2.25792  
   0.00510003        2.25843  
   0.00515003        2.25893  
   0.00520003        2.25942  
   0.00525003         2.2599  
   0.00530003        2.26037  
   0.00535003        2.26084  
   0.00540003        2.26129  
   0.00545003        2.26174  
   0.00550003        2.26219  
   0.00555003        2.26262  
   0.00560003        2.26305  
   0.00565003        2.26348  
   0.00570003         2.2639  
   0.00575003        2.26431  
   0.00580003        2.26472  
   0.00585003        2.26512  
   0.00590003        2.26552  
   0.00595003        2.26591  
   0.00600003         2.2663  
   0.00605003        2.26669  
   0.00610003        2.26707  
   0.00615003        2.26745  
   0.00620003        2.26782  
   0.00625003         2.2682  
   0.00630003        2.26857  
   0.00635003        2.26893  
   0.00640003        2.26929  
   0.00645003        2.26965  
   0.00650003        2.27001  
   0.00655003        2.27036  
   0.00660003        2.27071  
   0.00665003        2.27106  
   0.00670003         2.2714  
   0.00675003        2.27174  
   0.00680003        2.27208  
   0.00685003        2.27241  
   0.00690003        2.27275  
   0.00695003        2.27307  
   0.00700004         2.2734  
   0.00705004        2.27372  
   0.00710004        2.27404  
   0.00715004        2.27436  
   0.00720004        2.27468  
   0.00725004        2.27499  
   0.00730004         2.2753  
   0.00735004        2.27561  
   0.00740004        2.27592  
   0.00745004        2.27623  
   0.00750004        2.27653  
   0.00755004        2.27683  
   0.00760004        2.27713  
   0.00765004        2.27743  
   0.00770004        2.27773  
   0.00775004        2.27803  
   0.00780004        2.27832  
   0.00785004        2.27862  
   0.00790004        2.27891  
   0.00795004        2.27921  
   0.00800004         2.2795  
   0.00805004        2.27979  
   0.00810004        2.28009  
   0.00815004        2.28038  
   0.00820004        2.28067  
   0.00825004        2.28096  
   0.00830004        2.28125  
   0.00835004        2.28154  
   0.00840004        2.28183  
   0.00845004        2.28211  
   0.00850004         2.2824  
   0.00855004        2.28268  
   0.00860004        2.28297  
   0.00865004        2.28325  
   0.00870004        2.28353  
   0.00875004        2.28382  
   0.00880004         2.2841  
   0.00885004        2.28437  
   0.00890004        2.28465  
   0.00895004        2.28493  
   0.00900005         2.2852  
   0.00905005        2.28547  
   0.00910005        2.28574  
   0.00915005        2.28601  
   0.00920005        2.28628  
   0.00925005        2.28655  
   0.00930005        2.28681  
   0.00935005        2.28708  
   0.00940005        2.28734  
   0.00945005         2.2876  
   0.00950005        2.28786  
   0.00955005        2.28812  
   0.00960005        2.28838  
   0.00965005        2.28864  
   0.00970005        2.28889  
   0.00975005        2.28914  
   0.00980005         2.2894  
   0.00985005        2.28965  
   0.00990005         2.2899  
   0.00995005        2.29015  
    0.0100001         2.2904  
    0.0100501        2.29065  
    0.0101001         2.2909  
    0.0101501        2.29114  
    0.0102001        2.29139  
    0.0102501        2.29163  
    0.0103001        2.29188  
    0.0103501        2.29212  
    0.0104001        2.29236  
    0.0104501         2.2926  
    0.0105001        2.29284  
    0.0105501        2.29308  
    0.0106001        2.29332  
    0.0106501        2.29355  
    0.0107001        2.29379  
    0.0107501        2.29403  
    0.0108001        2.29426  
    0.0108501        2.29449  
    0.0109001        2.29473  
    0.0109501        2.29496  
    0.0110001        2.29519  
    0.0110501        2.29542  
    0.0111001        2.29565  
    0.0111501        2.29587  
    0.0112001         2.2961  
    0.0112501        2.29633  
    0.0113001        2.29655  
    0.0113501        2.29678  
    0.0114001          2.297  
    0.0114501        2.29722  
    0.0115001        2.29745  
    0.0115501        2.29767  
    0.0116001        2.29789  
    0.0116501        2.29811  
    0.0117001        2.29832  
    0.0117501        2.29854  
    0.0118001        2.29876  
    0.0118501        2.29897  
    0.0119001        2.29919  
    0.0119501         2.2994  
    0.0120001        2.29962  
    0.0120501        2.29983  
    0.0121001        2.30004  
    0.0121501        2.30025  
    0.0122001        2.30046  
    0.0122501        2.30067  
    0.0123001        2.30088  
    0.0123501        2.30108  
    0.0124001        2.30129  
    0.0124501        2.30149  
    0.0125001         2.3017  
    0.0125501         2.3019  
    0.0126001        2.30211  
    0.0126501        2.30231  
    0.0127001        2.30251  
    0.0127501        2.30271  
    0.0128001        2.30291  
    0.0128501        2.30311  
    0.0129001         2.3033  
    0.0129501         2.3035  
    0.0130001         2.3037  
    0.0130501        2.30389  
    0.0131001        2.30409  
    0.0131501        2.30428  
    0.0132001        2.30447  
    0.0132501        2.30467  
    0.0133001        2.30486  
    0.0133501        2.30505  
    0.0134001        2.30524  
    0.0134501        2.30543  
    0.0135001        2.30561  
    0.0135501         2.3058  
    0.0136001        2.30599  
    0.0136501        2.30617  
    0.0137001        2.30636  
    0.0137501        2.30654  
    0.0138001        2.30673  
    0.0138501        2.30691  
    0.0139001        2.30709  
    0.0139501        2.30727  
    0.0140001        2.30745  
    0.0140501        2.30763  
    0.0141001        2.30781  
    0.0141501        2.30799  
    0.0142001        2.30816  
    0.0142501        2.30834  
    0.0143001        2.30851  
    0.0143501        2.30869  
    0.0144001        2.30886  
    0.0144501        2.30904  
    0.0145001        2.30921  
    0.0145501        2.30938  
    0.0146001        2.30955  
    0.0146501        2.30972  
    0.0147001        2.30989  
    0.0147501        2.31006  
    0.0148001        2.31023  
    0.0148501        2.31039  
    0.0149001        2.31056  
    0.0149501        2.31072  
    0.0150001        2.31089  
    0.0150501        2.31105  
    0.0151001        2.31122  
    0.0151501        2.31138  
    0.0152001        2.31154  
    0.0152501         2.3117  
    0.0153001        2.31186  
    0.0153501        2.31202  
    0.0154001        2.31218  
    0.0154501        2.31234  
    0.0155001         2.3125  
    0.0155501        2.31265  
    0.0156001        2.31281  
    0.0156501        2.31296  
    0.0157001        2.31312  
    0.0157501        2.31327  
    0.0158001        2.31342  
    0.0158501        2.31358  
    0.0159001        2.31373  
    0.0159501        2.31388  
    0.0160001        2.31403  
    0.0160501        2.31418  
    0.0161001        2.31433  
    0.0161501        2.31448  
    0.0162001        2.31462  
    0.0162501        2.31477  
    0.0163001        2.31491  
    0.0163501        2.31506  
    0.0164001         2.3152  
    0.0164501        2.31535  
    0.0165001        2.31549  
    0.0165501        2.31563  
    0.0166001        2.31578  
    0.0166501        2.31592  
    0.0167001        2.31606  
    0.0167501         2.3162  
    0.0168001        2.31634  
    0.0168501        2.31647  
    0.0169001        2.31661  
    0.0169501        2.31675  
    0.0170001        2.31688  
    0.0170501        2.31702  
    0.0171001        2.31716  
    0.0171501        2.31729  
    0.0172001        2.31742  
    0.0172501        2.31756  
    0.0173001        2.31769  
    0.0173501        2.31782  
    0.0174001        2.31795  
    0.0174501        2.31808  
    0.0175001        2.31821  
    0.0175501        2.31834  
    0.0176001        2.31847  
    0.0176501         2.3186  
    0.0177001        2.31872  
    0.0177501        2.31885  
    0.0178001        2.31897  
    0.0178501         2.3191  
    0.0179001        2.31922  
    0.0179501        2.31935  
    0.0180001        2.31947  
    0.0180501        2.31959  
    0.0181001        2.31972  
    0.0181501        2.31984  
    0.0182001        2.31996  
    0.0182501        2.32008  
    0.0183001         2.3202  
    0.0183501        2.32032  
    0.0184001        2.32043  
    0.0184501        2.32055  
    0.0185001        2.32067  
    0.0185501        2.32079  
    0.0186001         2.3209  
    0.0186501        2.32102  
    0.0187001        2.32113  
    0.0187501        2.32124  
    0.0188001        2.32136  
    0.0188501        2.32147  
    0.0189001        2.32158  
    0.0189501        2.32169  
    0.0190001         2.3218  
    0.0190501        2.32192  
    0.0191001        2.32202  
    0.0191501        2.32213  
    0.0192001        2.32224  
    0.0192501        2.32235  
    0.0193001        2.32246  
    0.0193501        2.32256  
    0.0194001        2.32267  
    0.0194501        2.32278  
    0.0195001        2.32288  
    0.0195501        2.32299  
    0.0196001        2.32309  
    0.0196501        2.32319  
    0.0197001         2.3233  
    0.0197501         2.3234  
    0.0198001         2.3235  
    0.0198501         2.3236  
    0.0199001         2.3237  
    0.0199501         2.3238  
    0.0200001         2.3239  
    0.0200501          2.324  
    0.0201001         2.3241  
    0.0201501        2.32419  
    0.0202001        2.32429  
    0.0202501        2.32439  
    0.0203001        2.32448  
    0.0203501        2.32458  
    0.0204001        2.32468  
    0.0204501        2.32477  
    0.0205001        2.32486  
    0.0205501        2.32496  
    0.0206001        2.32505  
    0.0206501        2.32514  
    0.0207001        2.32523  
    0.0207501        2.32532  
    0.0208001        2.32542  
    0.0208501        2.32551  
    0.0209001        2.32559  
    0.0209501        2.32568  
    0.0210001        2.32577  
    0.0210501        2.32586  
    0.0211001        2.32595  
    0.0211501        2.32604  
    0.0212001        2.32612  
    0.0212501        2.32621  
    0.0213001        2.32629  
    0.0213501        2.32638  
    0.0214001        2.32646  
    0.0214501        2.32655  
    0.0215001        2.32663  
    0.0215501        2.32671  
    0.0216001         2.3268  
    0.0216501        2.32688  
    0.0217001        2.32696  
    0.0217501        2.32704  
    0.0218001        2.32712  
    0.0218501         2.3272  
    0.0219001        2.32728  
    0.0219501        2.32736  
    0.0220001        2.32744  
    0.0220501        2.32752  
    0.0221001        2.32759  
    0.0221501        2.32767  
    0.0222001        2.32775  
    0.0222501        2.32782  
    0.0223001         2.3279  
    0.0223501        2.32798  
    0.0224001        2.32805  
    0.0224501        2.32813  
    0.0225001         2.3282  
    0.0225501        2.32827  
    0.0226001        2.32835  
    0.0226501        2.32842  
    0.0227001        2.32849  
    0.0227501        2.32856  
    0.0228001        2.32863  
    0.0228501         2.3287  
    0.0229001        2.32877  
    0.0229501        2.32884  
    0.0230001        2.32891  
    0.0230501        2.32898  
    0.0231001        2.32905  
    0.0231501        2.32912  
    0.0232001        2.32919  
    0.0232501        2.32926  
    0.0233001        2.32932  
    0.0233501        2.32939  
    0.0234001        2.32945  
    0.0234501        2.32952  
    0.0235001        2.32959  
    0.0235501        2.32965  
    0.0236001        2.32972  
    0.0236501        2.32978  
    0.0237001        2.32984  
    0.0237501        2.32991  
    0.0238001        2.32997  
    0.0238501        2.33003  
    0.0239001        2.33009  
    0.0239501        2.33015  
    0.0240001        2.33022  
    0.0240501        2.33028  
    0.0241001        2.33034  
    0.0241501         2.3304  
    0.0242001        2.33046  
    0.0242501        2.33052  
    0.0243001        2.33058  
    0.0243501        2.33063  
    0.0244001        2.33069  
    0.0244501        2.33075  
    0.0245001        2.33081  
    0.0245501        2.33086  
    0.0246001        2.33092  
    0.0246501        2.33098  
    0.0247001        2.33103  
    0.0247501        2.33109  
    0.0248001        2.33114  
    0.0248501         2.3312  
    0.0249001        2.33125  
    0.0249501        2.33131  
    0.0250001        2.33136  
    0.0250501        2.33141  
    0.0251001        2.33147  
    0.0251501        2.33152  
    0.0252001        2.33157  
    0.0252501        2.33162  
    0.0253001        2.33168  
    0.0253501        2.33173  
    0.0254001        2.33178  
    0.0254501        2.33183  
    0.0255001        2.33188  
    0.0255501        2.33193  
    0.0256001        2.33198  
    0.0256501        2.33203  
    0.0257001        2.33208  
    0.0257501        2.33213  
    0.0258001        2.33217  
    0.0258501        2.33222  
    0.0259001        2.33227  
    0.0259501        2.33232  
    0.0260001        2.33236  
    0.0260501        2.33241  
    0.0261001        2.33246  
    0.0261501         2.3325  
    0.0262001        2.33255  
    0.0262501         2.3326  
    0.0263001        2.33264  
    0.0263501        2.33269  
    0.0264001        2.33273  
    0.0264501        2.33277  
    0.0265001        2.33282  
    0.0265501        2.33286  
    0.0266001        2.33291  
    0.0266501        2.33295  
    0.0267001        2.33299  
    0.0267501        2.33304  
    0.0268001        2.33308  
    0.0268501        2.33312  
    0.0269001        2.33316  
    0.0269501         2.3332  
    0.0270001        2.33324  
    0.0270501        2.33329  
    0.0271001        2.33333  
    0.0271501        2.33337  
    0.0272001        2.33341  
    0.0272501        2.33345  
    0.0273001        2.33349  
    0.0273501        2.33353  
    0.0274001        2.33356  
    0.0274501         2.3336  
    0.0275001        2.33364  
    0.0275501        2.33368  
    0.0276001        2.33372  
    0.0276501        2.33376  
    0.0277001        2.33379  
    0.0277501        2.33383  
    0.0278001        2.33387  
    0.0278501        2.33391  
    0.0279001        2.33394  
    0.0279501        2.33398  
    0.0280001        2.33402  
    0.0280501        2.33405  
    0.0281001        2.33409  
    0.0281501        2.33412  
    0.0282001        2.33416  
    0.0282501        2.33419  
    0.0283001        2.33423  
    0.0283501        2.33426  
    0.0284001         2.3343  
    0.0284501        2.33433  
    0.0285001        2.33437  
    0.0285501         2.3344  
    0.0286001        2.33443  
    0.0286501        2.33447  
    0.0287001         2.3345  
    0.0287501        2.33453  
    0.0288001        2.33457  
    0.0288501         2.3346  
    0.0289001        2.33463  
    0.0289501        2.33466  
    0.0290001         2.3347  
    0.0290501        2.33473  
    0.0291001        2.33476  
    0.0291501        2.33479  
    0.0292001        2.33482  
    0.0292501        2.33485  
    0.0293001        2.33488  
    0.0293501        2.33491  
    0.0294001        2.33495  
    0.0294501        2.33498  
    0.0295001        2.33501  
    0.0295501        2.33504  
    0.0296001        2.33507  
    0.0296501         2.3351  
    0.0297001        2.33513  
    0.0297501        2.33516  
    0.0298001        2.33518  
    0.0298501        2.33521  
    0.0299001        2.33524  
    0.0299501        2.33527  
    0.0300002         2.3353  
    0.0300502        2.33533  
    0.0301002        2.33536  
    0.0301502        2.33539  
    0.0302002        2.33541  
    0.0302502        2.33544  
    0.0303002        2.33547  
    0.0303502         2.3355  
    0.0304002        2.33552  
    0.0304502        2.33555  
    0.0305002        2.33558  
    0.0305502        2.33561  
    0.0306002        2.33563  
    0.0306502        2.33566  
    0.0307002        2.33569  
    0.0307502        2.33571  
    0.0308002        2.33574  
    0.0308502        2.33577  
    0.0309002        2.33579  
    0.0309502        2.33582  
    0.0310002        2.33584  
    0.0310502        2.33587  
    0.0311002         2.3359  
    0.0311502        2.33592  
    0.0312002        2.33595  
    0.0312502        2.33597  
    0.0313002          2.336  
    0.0313502        2.33602  
    0.0314002        2.33605  
    0.0314502        2.33607  
    0.0315002        2.33609  
    0.0315502        2.33612  
    0.0316002        2.33614  
    0.0316502        2.33617  
    0.0317002        2.33619  
    0.0317502        2.33622  
    0.0318002        2.33624  
    0.0318502        2.33626  
    0.0319002        2.33629  
    0.0319502        2.33631  
    0.0320002        2.33633  
    0.0320502        2.33636  
    0.0321002        2.33638  
    0.0321502         2.3364  
    0.0322002        2.33642  
    0.0322502        2.33645  
    0.0323002        2.33647  
    0.0323502        2.33649  
    0.0324002        2.33651  
    0.0324502        2.33654  
    0.0325002        2.33656  
    0.0325502        2.33658  
    0.0326002         2.3366  
    0.0326502        2.33662  
    0.0327002        2.33664  
    0.0327502        2.33667  
    0.0328002        2.33669  
    0.0328502        2.33671  
    0.0329002        2.33673  
    0.0329502        2.33675  
    0.0330002        2.33677  
    0.0330502        2.33679  
    0.0331002        2.33681  
    0.0331502        2.33683  
    0.0332002        2.33685  
    0.0332502        2.33687  
    0.0333002        2.33689  
    0.0333502        2.33691  
    0.0334002        2.33693  
    0.0334502        2.33695  
    0.0335002        2.33697  
    0.0335502        2.33699  
    0.0336002        2.33701  
    0.0336502        2.33703  
    0.0337002        2.33705  
    0.0337502        2.33707  
    0.0338002        2.33709  
    0.0338502         2.3371  
    0.0339002        2.33712  
    0.0339502        2.33714  
    0.0340002        2.33716  
    0.0340502        2.33718  
    0.0341002         2.3372  
    0.0341502        2.33721  
    0.0342002        2.33723  
    0.0342502        2.33725  
    0.0343002        2.33727  
    0.0343502        2.33729  
    0.0344002         2.3373  
    0.0344502        2.33732  
    0.0345002        2.33734  
    0.0345502        2.33735  
    0.0346002        2.33737  
    0.0346502        2.33739  
    0.0347002        2.33741  
    0.0347502        2.33742  
    0.0348002        2.33744  
    0.0348502        2.33746  
    0.0349002        2.33747  
    0.0349502        2.33749  
    0.0350002        2.33751  
    0.0350502        2.33752  
    0.0351002        2.33754  
    0.0351502        2.33755  
    0.0352002        2.33757  
    0.0352502        2.33759  
    0.0353002         2.3376  
    0.0353502        2.33762  
    0.0354002        2.33763  
    0.0354502        2.33765  
    0.0355002        2.33766  
    0.0355502        2.33768  
    0.0356002        2.33769  
    0.0356502        2.33771  
    0.0357002        2.33772  
    0.0357502        2.33774  
    0.0358002        2.33775  
    0.0358502        2.33777  
    0.0359002        2.33778  
    0.0359502         2.3378  
    0.0360002        2.33781  
    0.0360502        2.33782  
    0.0361002        2.33784  
    0.0361502        2.33785  
    0.0362002        2.33787  
    0.0362502        2.33788  
    0.0363002        2.33789  
    0.0363502        2.33791  
    0.0364002        2.33792  
    0.0364502        2.33794  
    0.0365002        2.33795  
    0.0365502        2.33796  
    0.0366002        2.33798  
    0.0366502        2.33799  
    0.0367002          2.338  
    0.0367502        2.33801  
    0.0368002        2.33803  
    0.0368502        2.33804  
    0.0369002        2.33805  
    0.0369502        2.33807  
    0.0370002        2.33808  
    0.0370502        2.33809  
    0.0371002         2.3381  
    0.0371502        2.33812  
    0.0372002        2.33813  
    0.0372502        2.33814  
    0.0373002        2.33815  
    0.0373502        2.33816  
    0.0374002        2.33818  
    0.0374502        2.33819  
    0.0375002         2.3382  
    0.0375502        2.33821  
    0.0376002        2.33822  
    0.0376502        2.33824  
    0.0377002        2.33825  
    0.0377502        2.33826  
    0.0378002        2.33827  
    0.0378502        2.33828  
    0.0379002        2.33829  
    0.0379502         2.3383  
    0.0380002        2.33831  
    0.0380502        2.33832  
    0.0381002        2.33834  
    0.0381502        2.33835  
    0.0382002        2.33836  
    0.0382502        2.33837  
    0.0383002        2.33838  
    0.0383502        2.33839  
    0.0384002         2.3384  
    0.0384502        2.33841  
    0.0385002        2.33842  
    0.0385502        2.33843  
    0.0386002        2.33844  
    0.0386502        2.33845  
    0.0387002        2.33846  
    0.0387502        2.33847  
    0.0388002        2.33848  
    0.0388502        2.33849  
    0.0389002         2.3385  
    0.0389502        2.33851  
    0.0390002        2.33852  
    0.0390502        2.33853  
    0.0391002        2.33854  
    0.0391502        2.33855  
    0.0392002        2.33856  
    0.0392502        2.33857  
    0.0393002        2.33858  
    0.0393752        2.33859  
    0.0394502         2.3386  
    0.0395002        2.33861  
    0.0395502        2.33862  
    0.0396002        2.33863  
    0.0396502        2.33864  
    0.0397002        2.33865  
    0.0397502        2.33866  
    0.0398252        2.33867  
    0.0399002        2.33868  
    0.0399502        2.33869  
    0.0400002         2.3387  
    0.0400502        2.33871  
    0.0401002        2.33872  
    0.0401752        2.33873  
    0.0402502        2.33874  
    0.0403002        2.33875  
    0.0403502        2.33876  
    0.0404252        2.33877  
    0.0405002        2.33878  
    0.0405502        2.33879  
    0.0406002         2.3388  
    0.0406752        2.33881  
    0.0407502        2.33882  
    0.0408002        2.33883  
    0.0408752        2.33884  
    0.0409502        2.33885  
    0.0410002        2.33886  
    0.0410752        2.33887  
    0.0411502        2.33888  
    0.0412252        2.33889  
    0.0413002         2.3389  
    0.0413502        2.33891  
    0.0414252        2.33892  
    0.0415002        2.33893  
    0.0415752        2.33894  
    0.0416502        2.33895  
    0.0417252        2.33896  
    0.0418002        2.33897  
    0.0418752        2.33898  
    0.0419502        2.33899  
    0.0420002          2.339  
    0.0421502        2.33901  
    0.0422002        2.33902  
    0.0423002        2.33903  
    0.0423502        2.33904  
    0.0424502        2.33905  
    0.0425502        2.33906  
    0.0426002        2.33907  
    0.0427002        2.33908  
    0.0428002        2.33909  
    0.0429002         2.3391  
    0.0430002        2.33911  
    0.0430502        2.33912  
    0.0431502        2.33913  
    0.0432502        2.33914  
    0.0433502        2.33915  
    0.0434502        2.33916  
    0.0435502        2.33917  
    0.0436502        2.33918  
    0.0437502        2.33919  
    0.0438502         2.3392  
    0.0440502        2.33922  
    0.0441502        2.33923  
    0.0442502        2.33924  
    0.0443502        2.33925  
    0.0445002        2.33926  
    0.0446002        2.33927  
    0.0447002        2.33928  
    0.0447502        2.33929  
    0.0449002         2.3393  
    0.0450002        2.33931  
    0.0451502        2.33932  
    0.0452502        2.33933  
    0.0454002        2.33934  
    0.0455002        2.33935  
    0.0456502        2.33936  
    0.0459002        2.33938  
    0.0461252        2.33939  
    0.0462002         2.3394  
    0.0463502        2.33941  
    0.0465002        2.33942  
    0.0466502        2.33943  
    0.0468002        2.33944  
    0.0469502        2.33945  
    0.0471502        2.33946  
    0.0473002        2.33947  
    0.0475002        2.33948  
    0.0476502        2.33949  
    0.0478502         2.3395  
    0.0480502        2.33951  
    0.0482002        2.33952  
    0.0484002        2.33953  
    0.0486002        2.33954  
    0.0488002        2.33955  
    0.0490502        2.33956  
    0.0492502        2.33957  
    0.0494502        2.33958  
    0.0497502        2.33959  
    0.0499002         2.3396  
    0.0501503        2.33961  
    0.0504003        2.33962  
    0.0506003        2.33963  
    0.0508503        2.33964  
    0.0511003        2.33965  
    0.0513503        2.33966  
    0.0516003        2.33967  
    0.0518503        2.33968  
    0.0521503        2.33969  
    0.0524003         2.3397  
    0.0527003        2.33971  
    0.0529503        2.33972  
    0.0532503        2.33973  
    0.0535503        2.33974  
    0.0538503        2.33975  
    0.0541503        2.33976  
    0.0545003        2.33977  
    0.0548003        2.33978  
    0.0551503        2.33979  
    0.0555003         2.3398  
    0.0558503        2.33981  
    0.0562503        2.33982  
    0.0566003        2.33983  
    0.0570003        2.33984  
    0.0574003        2.33985  
    0.0578503        2.33986  
    0.0583003        2.33987  
    0.0587503        2.33988  
    0.0592503        2.33989  
    0.0597503         2.3399  
    0.0603003        2.33991  
    0.0609003        2.33992  
    0.0615003        2.33993  
    0.0621503        2.33994  
    0.0629003        2.33995  
    0.0637003        2.33996  
    0.0646003        2.33997  
    0.0656503        2.33998  
    0.0669503        2.33999  
    0.1 2.339991
    0.4 2.339992
    0.7 2.339993
    1.0 2.339994
    1.3 2.339995
    1.6 2.339996
    1.9 2.339997
    2.2 2.339998
    2.5 2.339999
    10. 2.34
